55
66
44
32
88
49
23
16
83
22
22
44
79
38
71
99
77
17
11
33
26
44
14
78
88
89
77
13
61
26
66
77
64
58
35
33
48
69
48
66
96
37
77
95
56
44
55
61
77
99
45
73
77
49
13
55
46
33
33
58
93
52
71
55
88
76
27
66
46
22
99
99
81
52
34
99
72
23
66
23
59
55
22
72
64
27
27
16
77
13
88
44
55
99
99
72
88
31
33
49
77
26
11
44
54
75
49
46
77
66
55
78
66
69
93
77
49
29
69
15
79
77
77
44
88
99
88
11
77
11
22
21
52
11
38
57
96
66
22
97
33
44
32
66
66
77
86
84
85
52
22
27
44
78
37
92
59
24
21
99
66
73
99
62
19
22
29
23
26
56
61
88
33
22
62
58
77
11
44
57
96
68
36
88
78
93
99
23
89
73
33
87
14
59
92
12
62
22
99
77
77
66
66
77
41
46
99
97
22
66
32
89
46
22
77
11
35
63
84
22
48
82
22
66
24
11
52
44
45
71
55
66
79
23
96
83
99
41
77
44
97
88
91
94
66
35
19
94
27
65
54
55
84
77
81
41
88
32
77
28
45
95
22
55
53
11
24
11
99
55
48
75
15
98
24
68
66
85
64
43
22
88
88
32
65
66
89
37
51
44
73
27
16
88
11
11
11
91
16
99
55
44
99
46
44
66
22
55
37
22
88
11
13
82
88
88
22
33
94
66
55
94
15
41
24
57
89
38
55
97
55
55
88
26
22
11
22
99
26
27
88
71
12
54
15
78
77
59
11
72
77
47
48
77
89
81
59
77
61
18
18
31
95
97
92
45
65
22
34
99
94
99
33
63
67
88
88
49
61
59
45
46
11
27
44
44
45
59
11
22
55
62
86
42
44
89
66
13
57
99
11
55
36
23
77
23
77
22
99
22
36
55
49
18
43
71
61
77
14
56
33
99
85
83
19
11
66
27
33
29
99
33
11
72
67
46
33
48
11
19
99
88
49
39
14
64
66
72
84
48
77
33
62
31
42
73
47
11
49
52
77
22
37
98
55
67
39
41
63
39
14
34
44
22
61
11
25
55
64
77
97
77
39
22
49
22
66
72
85
24
66
27
33
44
12
51
99
99
77
13
33
54
48
69
45
45
55
88
33
62
99
88
42
14
12
77
25
88
43
11
44
33
18
22
52
99
77
94
44
96
88
44
11
33
66
85
66
11
88
26
55
96
45
73
88
55
22
66
69
45
55
33
88
66
88
11
22
88
43
67
33
11
35
55
19
67
94
55
33
99
11
43
71
33
78
77
55
26
34
61
99
47
55
57
11
99
99
42
88
88
11
29
68
26
21
24
88
13
72
88
66
39
11
32
65
22
66
96
11
76
64
32
48
32
66
55
72
33
82
66
16
56
22
72
15
55
73
61
55
33
64
89
77
62
77
33
44
56
55
44
88
88
54
58
52
44
44
81
13
95
57
38
21
82
11
62
86
88
66
54
33
66
47
49
86
81
21
11
67
11
85
66
55
19
67
99
15
33
89
66
91
41
99
47
93
48
46
77
33
87
21
42
11
33
51
98
45
14
49
33
22
44
93
14
22
59
56
88
99
77
56
99
11
77
88
33
43
55
32
55
55
21
95
65
83
23
33
87
33
19
74
55
44
55
99
98
58
26
77
71
99
77
52
66
87
99
88
99
38
15
48
55
11
91
64
83
22
73
66
54
98
18
55
11
71
64
72
55
68
77
81
97
95
91
95
66
33
99
46
61
75
31
77
55
15
17
64
37
59
42
35
89
95
17
59
16
73
45
38
44
96
77
56
77
66
39
42
44
33
52
13
66
95
71
88
61
39
38
31
46
94
68
28
22
22
55
21
11
67
33
81
11
44
12
47
22
22
63
43
63
79
81
22
47
57
68
55
68
88
48
88
51
25
77
42
69
62
77
23
26
64
33
31
33
53
66
93
22
33
66
88
88
34
54
99
77
56
59
66
11
87
85
87
44
19
63
76
69
33
12
67
89
11
38
31
44
73
73
54
11
13
31
52
99
75
65
11
66
65
77
56
14
99
64
92
44
55
77
77
22
11
77
87
93
88
22
99
66
64
95
55
11
66
33
38
68
74
33
55
33
61
11
41
25
66
66
99
99
38
22
47
37
87
88
77
48
37
18
89
51
22
23
33
55
11
11
89
11
56
93
55
32
92
57
48
54
66
56
18
67
21
74
13
22
13
58
16
88
11
16
29
39
98
33
73
77
74
47
41
22
